1
7 7
1
49

    0.0030     0.0068     0.0111     0.0130     0.0111     0.0068     0.0030
    0.0068     0.0154     0.0251     0.0295     0.0251     0.0154     0.0068
    0.0111     0.0251     0.0409     0.0482     0.0409     0.0251     0.0111
    0.0130     0.0295     0.0482     0.0567     0.0482     0.0295     0.0130
    0.0111     0.0251     0.0409     0.0482     0.0409     0.0251     0.0111
    0.0068     0.0154     0.0251     0.0295     0.0251     0.0154     0.0068
    0.0030     0.0068     0.0111     0.0130     0.0111     0.0068     0.0030
